cw=1,2: 0.19432546615600585 0.007222511344965111 34.86152917899349 23.302306411021245
cw=1,8: 0.1946289715943513 0.007519927570272232 34.50728918905429 19.041748654809584
cw=1,16: 0.19502040318080358 0.007894689458509286 34.96901768664103 24.009875271765154
cw=4,16: 0.19470182657241822 0.010013710063990728 39.488407052472326 12.125846662701695
cw=8,16: 0.19499727270819925 0.00941149193631942 44.27851171028677 11.586335807624042
cw=16,16: 0.1945593621995714 0.010031705841578958 42.35859057525058 15.18914416860765

difs=0: 0.19390456764786332 0.006401316443677049 35.38513208132618 27.30771008175531
difs=500: 0.19354287147521973 0.006380261884790189 20.167517705643284 10.904852220910973
difs=1000: 0.195514497756958 0.005449760577435194 13.932098404575592 8.595169815253401
difs=2000: 0.19382309913635254 0.003613918229192673 7.883645377003784 4.3248281107795545

ret=0: 0.19432546615600585 0.007222511344965111 34.86152917899349 23.302306411021245
ret=1: 0.35369469165802003 2.1207640570348216 25.793010241714892 7.747531576255861
ret=2: 0.2803083307602826 0.9619244506063022 17.25861321929542 1.4387786298407217
ret=3: 0.3744021214936909 1.583809080537358 12.61407338198776 1.3996576727248655

red-rec, 15cm: 0.1943663501739502 0.010824367127883105 61.673424637146724 2.896310901847787
red-rec, 19cm: 0.1946810985866346 0.008851371465542716 47.58424603304971 23.20194556837418
